MEME version 4

ALPHABET= ACGT

strands: + -

Background letter frequencies (from uniform background):
A 0.25000 C 0.25000 G 0.25000 T 0.25000 

MOTIF M0085_1.02 (TFAP2E)_(Mus_musculus)_(DBD_0.99)

letter-probability matrix: alength= 4 w= 10 nsites= 1 E= 0
  0.213214	  0.176319	  0.135951	  0.474516	
  0.222124	  0.321576	  0.134725	  0.321576	
  0.004784	  0.213834	  0.753855	  0.027528	
  0.000431	  0.961004	  0.000168	  0.038397	
  0.000296	  0.937765	  0.000164	  0.061775	
  0.001274	  0.327763	  0.135950	  0.535013	
  0.122837	  0.314460	  0.391841	  0.170862	
  0.454990	  0.254748	  0.230506	  0.059756	
  0.118505	  0.001133	  0.841307	  0.039054	
  0.002871	  0.001657	  0.957955	  0.037517	

URL http://cisbp.ccbr.utoronto.ca/TFreport.php?searchTF=T004846_1.02

MOTIF M0104_1.02 (ARID3B)_(Mus_musculus)_(DBD_0.99)

letter-probability matrix: alength= 4 w= 11 nsites= 1 E= 0
  0.467943	  0.177352	  0.177352	  0.177352	
  0.273411	  0.080067	  0.080067	  0.566454	
  0.609177	  0.119174	  0.033749	  0.237901	
  0.104443	  0.000141	  0.000141	  0.895276	
  0.000141	  0.000141	  0.000141	  0.999578	
  0.999578	  0.000141	  0.000141	  0.000141	
  0.910941	  0.000141	  0.000141	  0.088778	
  0.088778	  0.000141	  0.000141	  0.910941	
  0.261793	  0.167866	  0.072788	  0.497552	
  0.489780	  0.170073	  0.170073	  0.170073	
  0.350824	  0.216392	  0.216392	  0.216392	

URL http://cisbp.ccbr.utoronto.ca/TFreport.php?searchTF=T007410_1.02

MOTIF M0105_1.02 (ARID3C)_(Mus_musculus)_(DBD_0.87)

letter-probability matrix: alength= 4 w= 9 nsites= 1 E= 0
  0.265180	  0.185010	  0.202433	  0.347377	
  0.185396	  0.187259	  0.108039	  0.519306	
  0.151265	  0.141039	  0.100387	  0.607308	
  0.095920	  0.138866	  0.056459	  0.708755	
  0.354424	  0.113351	  0.333784	  0.198441	
  0.739186	  0.094212	  0.057143	  0.109459	
  0.023279	  0.024473	  0.020037	  0.932211	
  0.285933	  0.246105	  0.089636	  0.378326	
  0.254088	  0.232219	  0.267115	  0.246578	

URL http://cisbp.ccbr.utoronto.ca/TFreport.php?searchTF=T007412_1.02

MOTIF M0108_1.02 (ARID5A)_(Mus_musculus)_(DBD_0.97)

letter-probability matrix: alength= 4 w= 11 nsites= 1 E= 0
  0.226414	  0.226414	  0.320759	  0.226414	
  0.368385	  0.176936	  0.277743	  0.176936	
  0.257042	  0.149621	  0.051093	  0.542245	
  0.902432	  0.000155	  0.097259	  0.000155	
  0.999535	  0.000155	  0.000155	  0.000155	
  0.000155	  0.000155	  0.000155	  0.999535	
  0.999535	  0.000155	  0.000155	  0.000155	
  0.000155	  0.000155	  0.000155	  0.999535	
  0.023741	  0.023741	  0.023741	  0.928776	
  0.177718	  0.073219	  0.466267	  0.282795	
  0.301956	  0.199062	  0.199062	  0.299920	

URL http://cisbp.ccbr.utoronto.ca/TFreport.php?searchTF=T007411_1.02

MOTIF M0177_1.02 (TWIST2)_(Mus_musculus)_(DBD_1.00)

letter-probability matrix: alength= 4 w= 10 nsites= 1 E= 0
  0.301828	  0.199871	  0.298430	  0.199871	
  0.282456	  0.579511	  0.069016	  0.069016	
  0.000139	  0.999582	  0.000139	  0.000139	
  0.999582	  0.000139	  0.000139	  0.000139	
  0.000139	  0.217001	  0.000139	  0.782721	
  0.789108	  0.000139	  0.210614	  0.000139	
  0.000139	  0.000139	  0.000139	  0.999582	
  0.000139	  0.000139	  0.999582	  0.000139	
  0.050268	  0.050268	  0.154736	  0.744728	
  0.181123	  0.181123	  0.272271	  0.365483	

URL http://cisbp.ccbr.utoronto.ca/TFreport.php?searchTF=T014270_1.02

MOTIF M0178_1.02 (ASCL2)_(Mus_musculus)_(DBD_0.98)

letter-probability matrix: alength= 4 w= 10 nsites= 1 E= 0
  0.315548	  0.181281	  0.304970	  0.198202	
  0.342567	  0.215650	  0.329097	  0.112687	
  0.036295	  0.956859	  0.000000	  0.006845	
  0.887444	  0.026036	  0.052040	  0.034479	
  0.022313	  0.233167	  0.582932	  0.161589	
  0.161589	  0.582932	  0.233167	  0.022313	
  0.034479	  0.052040	  0.026036	  0.887444	
  0.006845	  0.000000	  0.956859	  0.036295	
  0.112687	  0.329097	  0.215650	  0.342567	
  0.198202	  0.304970	  0.181281	  0.315548	

URL http://cisbp.ccbr.utoronto.ca/TFreport.php?searchTF=T014253_1.02

MOTIF M0189_1.02 (ID2)_(Mus_musculus)_(DBD_0.98)

letter-probability matrix: alength= 4 w= 8 nsites= 1 E= 0
  0.277716	  0.166851	  0.499446	  0.055987	
  0.000370	  0.998891	  0.000370	  0.000370	
  0.999001	  0.000333	  0.000333	  0.000333	
  0.000333	  0.999001	  0.000333	  0.000333	
  0.000333	  0.000333	  0.999001	  0.000333	
  0.000333	  0.000333	  0.000333	  0.999001	
  0.000344	  0.000344	  0.998967	  0.000344	
  0.499546	  0.045826	  0.272686	  0.181942	

URL http://cisbp.ccbr.utoronto.ca/TFreport.php?searchTF=T014186_1.02

MOTIF M0195_1.02 (TCF23)_(Mus_musculus)_(DBD_0.60)

letter-probability matrix: alength= 4 w= 10 nsites= 1 E= 0
  0.349915	  0.146774	  0.278558	  0.224752	
  0.357002	  0.417355	  0.173504	  0.052139	
  0.139509	  0.827857	  0.032001	  0.000633	
  0.724593	  0.000000	  0.227645	  0.047763	
  0.064454	  0.126184	  0.294078	  0.515285	
  0.515285	  0.294078	  0.126184	  0.064454	
  0.047763	  0.227645	  0.000000	  0.724593	
  0.000633	  0.032001	  0.827857	  0.139509	
  0.052139	  0.173504	  0.417355	  0.357002	
  0.224752	  0.278558	  0.146774	  0.349915	

URL http://cisbp.ccbr.utoronto.ca/TFreport.php?searchTF=T014222_1.02

MOTIF M0196_1.02 (NPAS2)_(Mus_musculus)_(DBD_1.00)

letter-probability matrix: alength= 4 w= 10 nsites= 1 E= 0
  0.273313	  0.176530	  0.292754	  0.257403	
  0.154185	  0.377249	  0.420347	  0.048219	
  0.000226	  0.999321	  0.000226	  0.000226	
  0.999321	  0.000226	  0.000226	  0.000226	
  0.081100	  0.918447	  0.000226	  0.000226	
  0.081100	  0.000226	  0.918447	  0.000226	
  0.000226	  0.000226	  0.000226	  0.999321	
  0.081100	  0.000226	  0.918447	  0.000226	
  0.073697	  0.172181	  0.187665	  0.566457	
  0.297058	  0.298928	  0.202007	  0.202007	

URL http://cisbp.ccbr.utoronto.ca/TFreport.php?searchTF=T014232_1.02

MOTIF M0198_1.02 (SOHLH2)_(Mus_musculus)_(DBD_0.84)

letter-probability matrix: alength= 4 w= 10 nsites= 1 E= 0
  0.314175	  0.219192	  0.249622	  0.217011	
  0.209218	  0.174753	  0.434144	  0.181885	
  0.159171	  0.387601	  0.102512	  0.350716	
  0.253998	  0.378920	  0.186294	  0.180788	
  0.131112	  0.769738	  0.026471	  0.072679	
  0.075648	  0.029847	  0.894341	  0.000165	
  0.109744	  0.024733	  0.070679	  0.794844	
  0.000431	  0.092665	  0.896940	  0.009964	
  0.171237	  0.574240	  0.137421	  0.117102	
  0.291434	  0.191486	  0.303328	  0.213752	

URL http://cisbp.ccbr.utoronto.ca/TFreport.php?searchTF=T014192_1.02

MOTIF M0199_1.02 (HES2)_(Mus_musculus)_(DBD_0.83)

letter-probability matrix: alength= 4 w= 13 nsites= 1 E= 0
  0.214247	  0.214247	  0.214247	  0.357260	
  0.341052	  0.197239	  0.197239	  0.264469	
  0.341052	  0.197239	  0.197239	  0.264469	
  0.245377	  0.332697	  0.244578	  0.177348	
  0.082925	  0.152323	  0.681827	  0.082925	
  0.602961	  0.000158	  0.396723	  0.000158	
  0.281517	  0.718168	  0.000158	  0.000158	
  0.930129	  0.000158	  0.069555	  0.000158	
  0.174257	  0.753921	  0.035911	  0.035911	
  0.123235	  0.052918	  0.770928	  0.052918	
  0.052918	  0.052918	  0.052918	  0.841245	
  0.143126	  0.072810	  0.711254	  0.072810	
  0.237549	  0.427986	  0.167232	  0.167232	

URL http://cisbp.ccbr.utoronto.ca/TFreport.php?searchTF=T014167_1.02

MOTIF M0211_1.02 (MLXIP)_(Mus_musculus)_(DBD_0.82)

letter-probability matrix: alength= 4 w= 8 nsites= 1 E= 0
  0.053046	  0.263130	  0.420693	  0.263130	
  0.000399	  0.998802	  0.000399	  0.000399	
  0.998802	  0.000399	  0.000399	  0.000399	
  0.000399	  0.998802	  0.000399	  0.000399	
  0.000399	  0.000399	  0.998802	  0.000399	
  0.000399	  0.000399	  0.000399	  0.998802	
  0.000399	  0.000399	  0.998802	  0.000399	
  0.187656	  0.062968	  0.250000	  0.499377	

URL http://cisbp.ccbr.utoronto.ca/TFreport.php?searchTF=T014240_1.02

MOTIF M0212_1.02 (TCFL5)_(Mus_musculus)_(DBD_1.00)

letter-probability matrix: alength= 4 w= 10 nsites= 1 E= 0
  0.263325	  0.202596	  0.307948	  0.226130	
  0.113138	  0.226680	  0.364435	  0.295747	
  0.058154	  0.874211	  0.016939	  0.050696	
  0.372199	  0.064471	  0.336403	  0.226927	
  0.006221	  0.903915	  0.018504	  0.071360	
  0.071360	  0.018504	  0.903915	  0.006221	
  0.226927	  0.336403	  0.064471	  0.372199	
  0.050696	  0.016939	  0.874211	  0.058154	
  0.295747	  0.364435	  0.226680	  0.113138	
  0.226130	  0.307948	  0.202596	  0.263325	

URL http://cisbp.ccbr.utoronto.ca/TFreport.php?searchTF=T014174_1.02

MOTIF M0214_1.02 (TCF21)_(Mus_musculus)_(DBD_1.00)

letter-probability matrix: alength= 4 w= 9 nsites= 1 E= 0
  0.745050	  0.002475	  0.250000	  0.002475	
  0.747512	  0.250000	  0.001244	  0.001244	
  0.001244	  0.996269	  0.001244	  0.001244	
  0.996269	  0.001244	  0.001244	  0.001244	
  0.001244	  0.001244	  0.374378	  0.623134	
  0.623134	  0.374378	  0.001244	  0.001244	
  0.001244	  0.001244	  0.001244	  0.996269	
  0.001244	  0.001244	  0.996269	  0.001244	
  0.002475	  0.002475	  0.497525	  0.497525	

URL http://cisbp.ccbr.utoronto.ca/TFreport.php?searchTF=T014190_1.02

MOTIF M0216_1.02 (NHLH2)_(Mus_musculus)_(DBD_1.00)

letter-probability matrix: alength= 4 w= 10 nsites= 1 E= 0
  0.282767	  0.305521	  0.171954	  0.239759	
  0.037628	  0.037628	  0.674128	  0.250617	
  0.000178	  0.862732	  0.000178	  0.136912	
  0.930537	  0.000178	  0.069106	  0.000178	
  0.071132	  0.077413	  0.714543	  0.136912	
  0.145218	  0.714543	  0.069106	  0.071132	
  0.000178	  0.067984	  0.000178	  0.931660	
  0.077413	  0.000178	  0.922231	  0.000178	
  0.152455	  0.301874	  0.078225	  0.467447	
  0.281479	  0.212551	  0.293420	  0.212551	

URL http://cisbp.ccbr.utoronto.ca/TFreport.php?searchTF=T014244_1.02

MOTIF M0217_1.02 (NEUROG1)_(Mus_musculus)_(DBD_1.00)

letter-probability matrix: alength= 4 w= 10 nsites= 1 E= 0
  0.424799	  0.113479	  0.235478	  0.226244	
  0.169637	  0.592091	  0.171342	  0.066931	
  0.271365	  0.687777	  0.026936	  0.013922	
  0.665113	  0.034812	  0.186785	  0.113291	
  0.001368	  0.064301	  0.143105	  0.791225	
  0.793894	  0.140745	  0.056090	  0.009272	
  0.075714	  0.150952	  0.010559	  0.762775	
  0.011683	  0.000903	  0.869711	  0.117703	
  0.038634	  0.150525	  0.421629	  0.389213	
  0.091763	  0.270213	  0.234912	  0.403111	

URL http://cisbp.ccbr.utoronto.ca/TFreport.php?searchTF=T014251_1.02

MOTIF M0300_1.02 (ATF2)_(Mus_musculus)_(DBD_1.00)

letter-probability matrix: alength= 4 w= 10 nsites= 1 E= 0
  0.291870	  0.184253	  0.277636	  0.246241	
  0.530199	  0.133387	  0.274034	  0.062380	
  0.035631	  0.062379	  0.001238	  0.900752	
  0.073796	  0.082377	  0.556301	  0.287525	
  0.757933	  0.025806	  0.125285	  0.090976	
  0.084682	  0.638364	  0.084682	  0.192271	
  0.156906	  0.065082	  0.710273	  0.067738	
  0.117142	  0.166233	  0.068950	  0.647675	
  0.368627	  0.407396	  0.102492	  0.121484	
  0.489340	  0.124345	  0.187365	  0.198951	

URL http://cisbp.ccbr.utoronto.ca/TFreport.php?searchTF=T025275_1.02

MOTIF M0305_1.02 (CREB3L2)_(Mus_musculus)_(DBD_1.00)

letter-probability matrix: alength= 4 w= 9 nsites= 1 E= 0
  0.002475	  0.002475	  0.745050	  0.250000	
  0.250000	  0.623134	  0.001244	  0.125622	
  0.001244	  0.871891	  0.125622	  0.001244	
  0.996269	  0.001244	  0.001244	  0.001244	
  0.001244	  0.996269	  0.001244	  0.001244	
  0.001244	  0.001244	  0.996269	  0.001244	
  0.001244	  0.001244	  0.001244	  0.996269	
  0.001420	  0.143466	  0.853693	  0.001420	
  0.250000	  0.002475	  0.250000	  0.497525	

URL http://cisbp.ccbr.utoronto.ca/TFreport.php?searchTF=T025318_1.02

MOTIF M0307_1.02 (ENSG00000250542)_(Mus_musculus)_(DBD_1.00)

letter-probability matrix: alength= 4 w= 8 nsites= 1 E= 0
  0.498756	  0.125622	  0.001244	  0.374378	
  0.498756	  0.001244	  0.001244	  0.498756	
  0.996681	  0.001106	  0.001106	  0.001106	
  0.001106	  0.996681	  0.001106	  0.001106	
  0.001106	  0.001106	  0.996681	  0.001106	
  0.001106	  0.001106	  0.001106	  0.996681	
  0.498756	  0.001244	  0.001244	  0.498756	
  0.200397	  0.001984	  0.398810	  0.398810	

URL http://cisbp.ccbr.utoronto.ca/TFreport.php?searchTF=T025331_1.02

MOTIF M0395_1.02 (ZNF187)_(Mus_musculus)_(DBD_0.88)

letter-probability matrix: alength= 4 w= 8 nsites= 1 E= 0
  0.000093	  0.000093	  0.999721	  0.000093	
  0.185064	  0.000093	  0.259544	  0.555300	
  0.809118	  0.000093	  0.190696	  0.000093	
  0.000093	  0.795572	  0.000093	  0.204242	
  0.198253	  0.107873	  0.081000	  0.612874	
  0.999721	  0.000093	  0.000093	  0.000093	
  0.720654	  0.000093	  0.279160	  0.000093	
  0.000093	  0.000093	  0.279160	  0.720654	

URL http://cisbp.ccbr.utoronto.ca/TFreport.php?searchTF=T044757_1.02

MOTIF M0396_1.02 (OSR2)_(Mus_musculus)_(DBD_1.00)

letter-probability matrix: alength= 4 w= 10 nsites= 1 E= 0
  0.421366	  0.195525	  0.181878	  0.201232	
  0.443805	  0.205154	  0.147552	  0.203489	
  0.163505	  0.668656	  0.069838	  0.098002	
  0.486448	  0.000004	  0.513153	  0.000396	
  0.006671	  0.000189	  0.993136	  0.000004	
  0.203978	  0.028198	  0.090710	  0.677114	
  0.859283	  0.000001	  0.104554	  0.036161	
  0.044236	  0.000000	  0.942389	  0.013374	
  0.034714	  0.675756	  0.116217	  0.173312	
  0.351094	  0.201449	  0.184650	  0.262806	

URL http://cisbp.ccbr.utoronto.ca/TFreport.php?searchTF=T044457_1.02

MOTIF M0398_1.02 (ZSCAN10)_(Mus_musculus)_(DBD_0.82)

letter-probability matrix: alength= 4 w= 11 nsites= 1 E= 0
  0.302984	  0.232339	  0.232339	  0.232339	
  0.040148	  0.040148	  0.879557	  0.040148	
  0.232382	  0.017611	  0.503545	  0.246461	
  0.510667	  0.000101	  0.489130	  0.000101	
  0.999696	  0.000101	  0.000101	  0.000101	
  0.000101	  0.000101	  0.999696	  0.000101	
  0.000101	  0.000101	  0.000101	  0.999696	
  0.000101	  0.000101	  0.999696	  0.000101	
  0.017763	  0.877019	  0.017763	  0.087456	
  0.370139	  0.209954	  0.209954	  0.209954	
  0.302529	  0.232490	  0.232490	  0.232490	

URL http://cisbp.ccbr.utoronto.ca/TFreport.php?searchTF=T044342_1.02

MOTIF M0404_1.02 (ZNF202)_(Mus_musculus)_(DBD_0.87)

letter-probability matrix: alength= 4 w= 10 nsites= 1 E= 0
  0.285048	  0.209068	  0.226480	  0.279404	
  0.313707	  0.190273	  0.249250	  0.246770	
  0.222819	  0.189874	  0.325825	  0.261481	
  0.170544	  0.190374	  0.411163	  0.227919	
  0.007796	  0.001638	  0.857134	  0.133432	
  0.004399	  0.000062	  0.973967	  0.021572	
  0.005120	  0.000231	  0.873980	  0.120670	
  0.212111	  0.165192	  0.506289	  0.116409	
  0.073646	  0.391221	  0.353992	  0.181141	
  0.406486	  0.225326	  0.236879	  0.131309	

URL http://cisbp.ccbr.utoronto.ca/TFreport.php?searchTF=T044466_1.02

MOTIF M0405_1.02 (KLF7)_(Mus_musculus)_(DBD_1.00)

letter-probability matrix: alength= 4 w= 10 nsites= 1 E= 0
  0.322200	  0.077105	  0.258571	  0.342124	
  0.174850	  0.000229	  0.823801	  0.001121	
  0.000272	  0.000173	  0.999363	  0.000191	
  0.000074	  0.000241	  0.999596	  0.000089	
  0.100743	  0.660217	  0.010304	  0.228736	
  0.015211	  0.000320	  0.974574	  0.009895	
  0.042318	  0.089587	  0.352557	  0.515538	
  0.208085	  0.076550	  0.538047	  0.177318	
  0.167365	  0.115605	  0.497789	  0.219242	
  0.170239	  0.414554	  0.180766	  0.234441	

URL http://cisbp.ccbr.utoronto.ca/TFreport.php?searchTF=T044298_1.02

MOTIF M0408_1.02 (ZKSCAN1)_(Mus_musculus)_(DBD_0.99)

letter-probability matrix: alength= 4 w= 10 nsites= 1 E= 0
  0.368659	  0.127974	  0.237717	  0.265650	
  0.253090	  0.257619	  0.185858	  0.303434	
  0.201345	  0.206571	  0.334720	  0.257364	
  0.145520	  0.301411	  0.103189	  0.449879	
  0.311749	  0.108333	  0.429663	  0.150255	
  0.150255	  0.429663	  0.108333	  0.311749	
  0.449879	  0.103189	  0.301411	  0.145520	
  0.257364	  0.334720	  0.206571	  0.201345	
  0.303434	  0.185858	  0.257619	  0.253090	
  0.265650	  0.237717	  0.127974	  0.368659	

URL http://cisbp.ccbr.utoronto.ca/TFreport.php?searchTF=T044282_1.02

MOTIF M0413_1.02 (ZBTB1)_(Mus_musculus)_(DBD_0.99)

letter-probability matrix: alength= 4 w= 10 nsites= 1 E= 0
  0.209797	  0.211906	  0.300708	  0.277589	
  0.292816	  0.094589	  0.304766	  0.307829	
  0.023864	  0.219721	  0.041362	  0.715054	
  0.069278	  0.000316	  0.905174	  0.025232	
  0.000120	  0.979540	  0.000112	  0.020228	
  0.032886	  0.011859	  0.891628	  0.063628	
  0.033638	  0.061908	  0.558724	  0.345729	
  0.085787	  0.080791	  0.567855	  0.265567	
  0.361841	  0.108985	  0.305273	  0.223901	
  0.217817	  0.282494	  0.220006	  0.279683	

URL http://cisbp.ccbr.utoronto.ca/TFreport.php?searchTF=T044333_1.02

MOTIF M0415_1.02 (KLF9)_(Mus_musculus)_(DBD_1.00)

letter-probability matrix: alength= 4 w= 8 nsites= 1 E= 0
  0.314286	  0.285714	  0.257143	  0.142857	
  0.018519	  0.018519	  0.018519	  0.944444	
  0.946429	  0.017857	  0.017857	  0.017857	
  0.875000	  0.017857	  0.089286	  0.017857	
  0.017857	  0.946429	  0.017857	  0.017857	
  0.017857	  0.017857	  0.946429	  0.017857	
  0.017857	  0.017857	  0.910714	  0.053571	
  0.200000	  0.225000	  0.200000	  0.375000	

URL http://cisbp.ccbr.utoronto.ca/TFreport.php?searchTF=T044302_1.02

MOTIF M0422_1.02 (ZIC5)_(Mus_musculus)_(DBD_0.99)

letter-probability matrix: alength= 4 w= 10 nsites= 1 E= 0
  0.099420	  0.445568	  0.350496	  0.104517	
  0.165680	  0.468744	  0.100490	  0.265087	
  0.353510	  0.011916	  0.594613	  0.039961	
  0.000395	  0.066783	  0.736166	  0.196656	
  0.000102	  0.013897	  0.926755	  0.059245	
  0.132555	  0.042394	  0.663148	  0.161903	
  0.092275	  0.114981	  0.655087	  0.137657	
  0.080950	  0.000229	  0.832002	  0.086820	
  0.000241	  0.253500	  0.164904	  0.581356	
  0.234156	  0.462196	  0.203566	  0.100082	

URL http://cisbp.ccbr.utoronto.ca/TFreport.php?searchTF=T044372_1.02

MOTIF M0424_1.02 (SNAI3)_(Mus_musculus)_(DBD_0.75)

letter-probability matrix: alength= 4 w= 10 nsites= 1 E= 0
  0.277274	  0.205410	  0.231599	  0.285718	
  0.260772	  0.211378	  0.215648	  0.312201	
  0.119201	  0.079108	  0.058605	  0.743086	
  0.006837	  0.028857	  0.918136	  0.046171	
  0.862086	  0.000771	  0.084720	  0.052423	
  0.039362	  0.891405	  0.009326	  0.059907	
  0.762638	  0.017936	  0.180690	  0.038737	
  0.164638	  0.133453	  0.461162	  0.240748	
  0.190999	  0.293614	  0.282101	  0.233286	
  0.218148	  0.236317	  0.178604	  0.366931	

URL http://cisbp.ccbr.utoronto.ca/TFreport.php?searchTF=T044653_1.02

MOTIF M0428_1.02 (ZNF691)_(Mus_musculus)_(DBD_0.97)

letter-probability matrix: alength= 4 w= 8 nsites= 1 E= 0
  0.516489	  0.100100	  0.283311	  0.100100	
  0.081474	  0.127964	  0.523129	  0.267434	
  0.018955	  0.000094	  0.980856	  0.000094	
  0.971426	  0.009525	  0.018955	  0.000094	
  0.009525	  0.000094	  0.971426	  0.018955	
  0.000095	  0.647468	  0.009615	  0.342822	
  0.791865	  0.188143	  0.000099	  0.019893	
  0.054901	  0.890060	  0.013828	  0.041210	

URL http://cisbp.ccbr.utoronto.ca/TFreport.php?searchTF=T044452_1.02

MOTIF M0431_1.02 (OSR1)_(Mus_musculus)_(DBD_1.00)

letter-probability matrix: alength= 4 w= 9 nsites= 1 E= 0
  0.403971	  0.240169	  0.179710	  0.176151	
  0.198142	  0.544020	  0.131497	  0.126341	
  0.492328	  0.000000	  0.507322	  0.000350	
  0.083075	  0.002363	  0.906640	  0.007923	
  0.250624	  0.044432	  0.158215	  0.546729	
  0.796265	  0.000247	  0.170704	  0.032784	
  0.140921	  0.002359	  0.835642	  0.021077	
  0.097198	  0.532058	  0.178887	  0.191857	
  0.295275	  0.246634	  0.218745	  0.239345	

URL http://cisbp.ccbr.utoronto.ca/TFreport.php?searchTF=T044385_1.02

MOTIF M0432_1.02 (ZFP161)_(Mus_musculus)_(DBD_1.00)

letter-probability matrix: alength= 4 w= 9 nsites= 1 E= 0
  0.218335	  0.335636	  0.256218	  0.189811	
  0.281737	  0.194605	  0.347572	  0.176086	
  0.037721	  0.820757	  0.023576	  0.117946	
  0.059238	  0.045221	  0.863991	  0.031550	
  0.137689	  0.500193	  0.106165	  0.255953	
  0.131295	  0.061402	  0.683653	  0.123649	
  0.179495	  0.539231	  0.125229	  0.156045	
  0.387566	  0.270396	  0.135624	  0.206414	
  0.199182	  0.377744	  0.137582	  0.285493	

URL http://cisbp.ccbr.utoronto.ca/TFreport.php?searchTF=T044795_1.02

MOTIF M0433_1.02 (ZBTB12)_(Mus_musculus)_(DBD_1.00)

letter-probability matrix: alength= 4 w= 10 nsites= 1 E= 0
  0.352227	  0.192887	  0.257398	  0.197488	
  0.109781	  0.285419	  0.118963	  0.485838	
  0.100269	  0.647173	  0.097506	  0.155052	
  0.082861	  0.111024	  0.093718	  0.712397	
  0.750784	  0.050006	  0.193201	  0.006009	
  0.006295	  0.000000	  0.986081	  0.007623	
  0.835675	  0.074952	  0.006126	  0.083246	
  0.759972	  0.056004	  0.064083	  0.119940	
  0.021291	  0.856228	  0.016490	  0.105991	
  0.309637	  0.255890	  0.247541	  0.186932	

URL http://cisbp.ccbr.utoronto.ca/TFreport.php?searchTF=T044834_1.02

MOTIF M0436_1.02 (ZNF35)_(Mus_musculus)_(DBD_0.96)

letter-probability matrix: alength= 4 w= 10 nsites= 1 E= 0
  0.108008	  0.054174	  0.023623	  0.814196	
  0.040151	  0.120620	  0.016488	  0.822741	
  0.317341	  0.134287	  0.387601	  0.160770	
  0.124227	  0.077642	  0.111287	  0.686845	
  0.050023	  0.092064	  0.043488	  0.814425	
  0.133657	  0.086945	  0.303467	  0.475931	
  0.339638	  0.088933	  0.267169	  0.304260	
  0.204153	  0.251859	  0.141015	  0.402973	
  0.173772	  0.220908	  0.186372	  0.418948	
  0.251866	  0.246878	  0.320184	  0.181072	

URL http://cisbp.ccbr.utoronto.ca/TFreport.php?searchTF=T044509_1.02

MOTIF M0437_1.02 (ZNF32)_(Mus_musculus)_(DBD_0.99)

letter-probability matrix: alength= 4 w= 9 nsites= 1 E= 0
  0.166667	  0.166667	  0.166667	  0.500000	
  0.625000	  0.125000	  0.125000	  0.125000	
  0.125000	  0.125000	  0.125000	  0.625000	
  0.500000	  0.125000	  0.250000	  0.125000	
  0.125000	  0.125000	  0.125000	  0.625000	
  0.625000	  0.125000	  0.125000	  0.125000	
  0.125000	  0.125000	  0.125000	  0.625000	
  0.500000	  0.125000	  0.250000	  0.125000	
  0.166667	  0.166667	  0.166667	  0.500000	

URL http://cisbp.ccbr.utoronto.ca/TFreport.php?searchTF=T044504_1.02

MOTIF M0442_1.02 (ZBTB3)_(Mus_musculus)_(DBD_1.00)

letter-probability matrix: alength= 4 w= 9 nsites= 1 E= 0
  0.270078	  0.259488	  0.249313	  0.221121	
  0.278329	  0.234817	  0.254374	  0.232480	
  0.155698	  0.118856	  0.218747	  0.506699	
  0.151076	  0.236935	  0.571226	  0.040763	
  0.061428	  0.904932	  0.012780	  0.020861	
  0.988678	  0.000117	  0.000000	  0.011205	
  0.012623	  0.105162	  0.850223	  0.031992	
  0.038334	  0.329088	  0.008468	  0.624110	
  0.150689	  0.044935	  0.604994	  0.199381	

URL http://cisbp.ccbr.utoronto.ca/TFreport.php?searchTF=T044654_1.02

MOTIF M0443_1.02 (KLF12)_(Mus_musculus)_(DBD_1.00)

letter-probability matrix: alength= 4 w= 10 nsites= 1 E= 0
  0.260102	  0.124098	  0.223872	  0.391927	
  0.187213	  0.000148	  0.790168	  0.022471	
  0.000002	  0.000005	  0.999931	  0.000063	
  0.000374	  0.000026	  0.999566	  0.000034	
  0.076094	  0.621399	  0.000039	  0.302468	
  0.000325	  0.000031	  0.997699	  0.001945	
  0.060231	  0.086331	  0.346604	  0.506834	
  0.189328	  0.102872	  0.514647	  0.193153	
  0.167870	  0.130737	  0.470215	  0.231178	
  0.172456	  0.411638	  0.156045	  0.259860	

URL http://cisbp.ccbr.utoronto.ca/TFreport.php?searchTF=T044301_1.02

MOTIF M0594_1.02 (LIN54)_(Gallus_gallus)_(DBD_0.98)

letter-probability matrix: alength= 4 w= 9 nsites= 1 E= 0
  0.411378	  0.091233	  0.211983	  0.285406	
  0.000206	  0.000206	  0.000206	  0.999383	
  0.000206	  0.000206	  0.000206	  0.999383	
  0.000206	  0.211990	  0.000206	  0.787598	
  0.437915	  0.000206	  0.561674	  0.000206	
  0.999383	  0.000206	  0.000206	  0.000206	
  0.999383	  0.000206	  0.000206	  0.000206	
  0.103784	  0.210663	  0.000206	  0.685347	
  0.242672	  0.248680	  0.158972	  0.349676	

URL http://cisbp.ccbr.utoronto.ca/TFreport.php?searchTF=T073873_1.02

MOTIF M0603_1.02 CGBP

letter-probability matrix: alength= 4 w= 7 nsites= 1 E= 0
  0.240571	  0.247897	  0.242988	  0.268544	
  0.231338	  0.263454	  0.205178	  0.300029	
  0.339485	  0.227563	  0.214311	  0.218641	
  0.123203	  0.315398	  0.377600	  0.183798	
  0.000638	  0.982581	  0.000001	  0.016780	
  0.022751	  0.000029	  0.977099	  0.000122	
  0.165154	  0.132540	  0.453448	  0.248858	

URL http://cisbp.ccbr.utoronto.ca/TFreport.php?searchTF=T074382_1.02

MOTIF M0607_1.02 KDM2B

letter-probability matrix: alength= 4 w= 9 nsites= 1 E= 0
  0.245019	  0.247482	  0.255018	  0.252481	
  0.006978	  0.831056	  0.000758	  0.161208	
  0.135594	  0.045135	  0.699010	  0.120261	
  0.207289	  0.207289	  0.211476	  0.373946	
  0.438800	  0.133492	  0.203170	  0.224538	
  0.346191	  0.209975	  0.216370	  0.227464	
  0.270749	  0.247446	  0.221671	  0.260133	
  0.274484	  0.231573	  0.205386	  0.288557	
  0.281554	  0.235173	  0.225952	  0.257321	

URL http://cisbp.ccbr.utoronto.ca/TFreport.php?searchTF=T074503_1.02

MOTIF M0608_1.02 MLL

letter-probability matrix: alength= 4 w= 10 nsites= 1 E= 0
  0.255050	  0.190845	  0.321006	  0.233098	
  0.295043	  0.239157	  0.307084	  0.158717	
  0.232323	  0.272634	  0.329682	  0.165361	
  0.275506	  0.167103	  0.440808	  0.116584	
  0.166251	  0.276857	  0.388969	  0.167922	
  0.008509	  0.907839	  0.064140	  0.019513	
  0.056470	  0.014207	  0.928630	  0.000693	
  0.265416	  0.194669	  0.228446	  0.311469	
  0.411622	  0.114446	  0.254705	  0.219227	
  0.348511	  0.224454	  0.211383	  0.215653	

URL http://cisbp.ccbr.utoronto.ca/TFreport.php?searchTF=T074506_1.02

MOTIF M0609_1.02 DNMT1

letter-probability matrix: alength= 4 w= 10 nsites= 1 E= 0
  0.182278	  0.309678	  0.201448	  0.306596	
  0.238026	  0.276546	  0.265703	  0.219725	
  0.047012	  0.773099	  0.139827	  0.040061	
  0.000166	  0.790471	  0.209062	  0.000302	
  0.000061	  0.000197	  0.999710	  0.000031	
  0.209396	  0.434514	  0.164717	  0.191374	
  0.201591	  0.248699	  0.274855	  0.274855	
  0.252448	  0.230720	  0.344193	  0.172639	
  0.202629	  0.305326	  0.268105	  0.223940	
  0.187900	  0.297648	  0.280314	  0.234138	

URL http://cisbp.ccbr.utoronto.ca/TFreport.php?searchTF=T074507_1.02

MOTIF M0610_1.02 TET1

letter-probability matrix: alength= 4 w= 9 nsites= 1 E= 0
  0.280309	  0.224953	  0.222715	  0.272024	
  0.246701	  0.234669	  0.208133	  0.310498	
  0.176211	  0.437766	  0.120504	  0.265518	
  0.354307	  0.157616	  0.372473	  0.115603	
  0.002282	  0.997172	  0.000000	  0.000546	
  0.061728	  0.000620	  0.909355	  0.028296	
  0.167484	  0.337271	  0.111151	  0.384094	
  0.254196	  0.168698	  0.170393	  0.406713	
  0.315980	  0.266581	  0.213936	  0.203503	

URL http://cisbp.ccbr.utoronto.ca/TFreport.php?searchTF=T074508_1.02

MOTIF M0629_1.02 DMRT3

letter-probability matrix: alength= 4 w= 11 nsites= 1 E= 0
  0.452849	  0.240018	  0.153566	  0.153566	
  0.538650	  0.122796	  0.122796	  0.215757	
  0.105898	  0.021764	  0.021764	  0.850573	
  0.000170	  0.000170	  0.999489	  0.000170	
  0.000170	  0.000170	  0.000170	  0.999489	
  0.999489	  0.000170	  0.000170	  0.000170	
  0.201683	  0.000170	  0.104063	  0.694083	
  0.000170	  0.999489	  0.000170	  0.000170	
  0.618481	  0.188311	  0.096604	  0.096604	
  0.509326	  0.127374	  0.127374	  0.235926	
  0.228406	  0.228406	  0.228406	  0.314782	

URL http://cisbp.ccbr.utoronto.ca/TFreport.php?searchTF=T075122_1.02

MOTIF M0630_1.02 DMRT1

letter-probability matrix: alength= 4 w= 10 nsites= 1 E= 0
  0.471737	  0.142084	  0.127284	  0.258895	
  0.433336	  0.119285	  0.135845	  0.311535	
  0.263167	  0.062978	  0.058136	  0.615718	
  0.118099	  0.043014	  0.736217	  0.102670	
  0.050738	  0.040718	  0.031396	  0.877148	
  0.522994	  0.042080	  0.101450	  0.333476	
  0.302427	  0.047553	  0.265560	  0.384460	
  0.105681	  0.672112	  0.073731	  0.148476	
  0.322263	  0.195462	  0.241137	  0.241137	
  0.458630	  0.126247	  0.182773	  0.232350	

URL http://cisbp.ccbr.utoronto.ca/TFreport.php?searchTF=T075123_1.02

MOTIF M0632_1.02 DMRTA2

letter-probability matrix: alength= 4 w= 10 nsites= 1 E= 0
  0.391936	  0.183295	  0.148576	  0.276193	
  0.378242	  0.182278	  0.150737	  0.288742	
  0.278003	  0.143686	  0.091618	  0.486692	
  0.161592	  0.078655	  0.558398	  0.201355	
  0.131885	  0.106904	  0.107979	  0.653232	
  0.417907	  0.098029	  0.168218	  0.315847	
  0.288677	  0.108344	  0.224822	  0.378157	
  0.189159	  0.451505	  0.137357	  0.221980	
  0.330255	  0.192455	  0.235066	  0.242224	
  0.345463	  0.193424	  0.222491	  0.238623	

URL http://cisbp.ccbr.utoronto.ca/TFreport.php?searchTF=T075125_1.02

MOTIF M0633_1.02 DMRT2

letter-probability matrix: alength= 4 w= 10 nsites= 1 E= 0
  0.152291	  0.152291	  0.246263	  0.449154	
  0.765274	  0.048025	  0.048025	  0.138675	
  0.999536	  0.000155	  0.000155	  0.000155	
  0.000155	  0.000155	  0.000155	  0.999536	
  0.129788	  0.000155	  0.489012	  0.381045	
  0.000155	  0.000155	  0.000155	  0.999536	
  0.908886	  0.000155	  0.000155	  0.090805	
  0.091796	  0.000155	  0.000155	  0.907895	
  0.279387	  0.195482	  0.097864	  0.427268	
  0.393611	  0.202130	  0.202130	  0.202130	

URL http://cisbp.ccbr.utoronto.ca/TFreport.php?searchTF=T075127_1.02

MOTIF M0635_1.02 (DMRTC2)_(Mus_musculus)_(DBD_1.00)

letter-probability matrix: alength= 4 w= 13 nsites= 1 E= 0
  0.341381	  0.219540	  0.219540	  0.219540	
  0.474682	  0.175106	  0.175106	  0.175106	
  0.263748	  0.386040	  0.175106	  0.175106	
  0.680243	  0.106586	  0.106586	  0.106586	
  0.022531	  0.022531	  0.022531	  0.932406	
  0.187692	  0.000165	  0.811978	  0.000165	
  0.000165	  0.000165	  0.000165	  0.999505	
  0.877664	  0.000165	  0.000165	  0.122006	
  0.119267	  0.030625	  0.030625	  0.819483	
  0.401418	  0.260937	  0.075059	  0.262586	
  0.537929	  0.311953	  0.075059	  0.075059	
  0.383101	  0.143579	  0.143579	  0.329740	
  0.317099	  0.227634	  0.227634	  0.227634	

URL http://cisbp.ccbr.utoronto.ca/TFreport.php?searchTF=T075124_1.02

MOTIF M0714_1.02 (ENSG00000235187)_(Mus_musculus)_(DBD_1.00)

letter-probability matrix: alength= 4 w= 10 nsites= 1 E= 0
  0.317910	  0.196718	  0.242686	  0.242686	
  0.410724	  0.145172	  0.244184	  0.199921	
  0.176615	  0.381448	  0.240802	  0.201135	
  0.268249	  0.562233	  0.109062	  0.060456	
  0.055322	  0.002040	  0.909748	  0.032890	
  0.057867	  0.000001	  0.942131	  0.000001	
  0.950314	  0.000003	  0.014981	  0.034702	
  0.635026	  0.051607	  0.007342	  0.306025	
  0.406386	  0.099216	  0.427222	  0.067175	
  0.152880	  0.289934	  0.102479	  0.454707	

URL http://cisbp.ccbr.utoronto.ca/TFreport.php?searchTF=T078005_1.02

MOTIF M0718_1.02 FOXK1

letter-probability matrix: alength= 4 w= 10 nsites= 1 E= 0
  0.364427	  0.172143	  0.259388	  0.204042	
  0.192073	  0.241743	  0.201921	  0.364263	
  0.281319	  0.128958	  0.507496	  0.082227	
  0.241794	  0.114216	  0.116523	  0.527467	
  0.557937	  0.300139	  0.050615	  0.091309	
  0.662656	  0.166710	  0.045890	  0.124743	
  0.823562	  0.052649	  0.065604	  0.058186	
  0.058280	  0.682155	  0.018454	  0.241111	
  0.764554	  0.054017	  0.078988	  0.102442	
  0.403726	  0.208666	  0.159291	  0.228317	

URL http://cisbp.ccbr.utoronto.ca/TFreport.php?searchTF=T081604_1.02

MOTIF M0719_1.02 FOXG1

letter-probability matrix: alength= 4 w= 8 nsites= 1 E= 0
  0.374378	  0.001244	  0.623134	  0.001244	
  0.001106	  0.001106	  0.001106	  0.996681	
  0.996681	  0.001106	  0.001106	  0.001106	
  0.996681	  0.001106	  0.001106	  0.001106	
  0.996681	  0.001106	  0.001106	  0.001106	
  0.001106	  0.996681	  0.001106	  0.001106	
  0.996681	  0.001106	  0.001106	  0.001106	
  0.498344	  0.167219	  0.001656	  0.332781	

URL http://cisbp.ccbr.utoronto.ca/TFreport.php?searchTF=T081610_1.02

MOTIF M0728_1.02 (FOXJ1)_(Mus_musculus)_(DBD_1.00)

letter-probability matrix: alength= 4 w= 12 nsites= 1 E= 0
  0.394926	  0.201691	  0.201691	  0.201691	
  0.357836	  0.147163	  0.347838	  0.147163	
  0.159006	  0.172368	  0.068783	  0.599842	
  0.841382	  0.113021	  0.022798	  0.022798	
  0.999531	  0.000156	  0.000156	  0.000156	
  0.999531	  0.000156	  0.000156	  0.000156	
  0.000156	  0.999531	  0.000156	  0.000156	
  0.999531	  0.000156	  0.000156	  0.000156	
  0.854605	  0.048465	  0.048465	  0.048465	
  0.691020	  0.102993	  0.102993	  0.102993	
  0.181373	  0.360053	  0.181373	  0.277201	
  0.317926	  0.227358	  0.227358	  0.227358	

URL http://cisbp.ccbr.utoronto.ca/TFreport.php?searchTF=T081596_1.02

MOTIF M0736_1.02 (FOXK2)_(Mus_musculus)_(DBD_0.90)

letter-probability matrix: alength= 4 w= 8 nsites= 1 E= 0
  0.309467	  0.142959	  0.547336	  0.000238	
  0.295052	  0.000164	  0.000164	  0.704620	
  0.619510	  0.295749	  0.000141	  0.084600	
  0.888534	  0.069545	  0.000139	  0.041782	
  0.999584	  0.000139	  0.000139	  0.000139	
  0.000139	  0.957940	  0.000139	  0.041782	
  0.999572	  0.000143	  0.000143	  0.000143	
  0.660068	  0.132164	  0.056750	  0.151018	

URL http://cisbp.ccbr.utoronto.ca/TFreport.php?searchTF=T081600_1.02

MOTIF M0737_1.02 (FOXB2)_(Mus_musculus)_(DBD_0.94)

letter-probability matrix: alength= 4 w= 10 nsites= 1 E= 0
  0.329842	  0.082156	  0.060257	  0.527746	
  0.520070	  0.108198	  0.255689	  0.116043	
  0.283345	  0.081996	  0.128595	  0.506065	
  0.209230	  0.033229	  0.701648	  0.055893	
  0.071321	  0.155585	  0.032694	  0.740400	
  0.638753	  0.232646	  0.070072	  0.058529	
  0.729556	  0.133278	  0.066184	  0.070983	
  0.865457	  0.036352	  0.043959	  0.054231	
  0.059316	  0.519509	  0.058726	  0.362449	
  0.777489	  0.053307	  0.067092	  0.102112	

URL http://cisbp.ccbr.utoronto.ca/TFreport.php?searchTF=T081628_1.02

MOTIF M0747_1.02 (FOXL2)_(Mus_musculus)_(DBD_0.70)

letter-probability matrix: alength= 4 w= 10 nsites= 1 E= 0
  0.366283	  0.166235	  0.164581	  0.302901	
  0.345139	  0.171391	  0.195185	  0.288285	
  0.267836	  0.181340	  0.196443	  0.354381	
  0.346821	  0.108724	  0.419393	  0.125062	
  0.146969	  0.100507	  0.031824	  0.720700	
  0.700016	  0.254959	  0.000720	  0.044305	
  0.906192	  0.053477	  0.000316	  0.040015	
  0.934400	  0.000771	  0.023568	  0.041260	
  0.033048	  0.600627	  0.033381	  0.332944	
  0.853101	  0.047889	  0.045553	  0.053457	

URL http://cisbp.ccbr.utoronto.ca/TFreport.php?searchTF=T081616_1.02

MOTIF M0756_1.02 (FOXN3)_(Strongylocentrotus_purpuratus)_(DBD_0.44)

letter-probability matrix: alength= 4 w= 9 nsites= 1 E= 0
  0.233668	  0.224506	  0.348592	  0.193234	
  0.280037	  0.209542	  0.191507	  0.318914	
  0.404308	  0.290666	  0.110187	  0.194839	
  0.447462	  0.238314	  0.104961	  0.209263	
  0.768976	  0.018266	  0.173306	  0.039451	
  0.016176	  0.708777	  0.031930	  0.243117	
  0.578790	  0.107871	  0.169176	  0.144162	
  0.340778	  0.228430	  0.226157	  0.204635	
  0.301280	  0.239377	  0.210196	  0.249146	

URL http://cisbp.ccbr.utoronto.ca/TFreport.php?searchTF=T081585_1.02

MOTIF M0887_1.02 HOXA2

letter-probability matrix: alength= 4 w= 9 nsites= 1 E= 0
  0.230829	  0.276353	  0.240250	  0.252568	
  0.231609	  0.269091	  0.248402	  0.250899	
  0.162001	  0.234535	  0.145126	  0.458337	
  0.508116	  0.051455	  0.262620	  0.177809	
  0.517403	  0.208267	  0.105512	  0.168818	
  0.196825	  0.250213	  0.078438	  0.474524	
  0.161490	  0.169769	  0.359402	  0.309340	
  0.400484	  0.161204	  0.204931	  0.233381	
  0.224564	  0.277040	  0.282637	  0.215759	

URL http://cisbp.ccbr.utoronto.ca/TFreport.php?searchTF=T093248_1.02

MOTIF M0890_1.02 LHX6

letter-probability matrix: alength= 4 w= 8 nsites= 1 E= 0
  0.186148	  0.280492	  0.291939	  0.241421	
  0.114197	  0.349999	  0.077318	  0.458486	
  0.707706	  0.135915	  0.073115	  0.083265	
  0.863330	  0.053560	  0.050948	  0.032162	
  0.039789	  0.057030	  0.019957	  0.883224	
  0.063179	  0.605446	  0.056597	  0.274778	
  0.673263	  0.076107	  0.091116	  0.159515	
  0.327199	  0.185039	  0.287312	  0.200451	

URL http://cisbp.ccbr.utoronto.ca/TFreport.php?searchTF=T093257_1.02

MOTIF M0891_1.02 TLX2

letter-probability matrix: alength= 4 w= 10 nsites= 1 E= 0
  0.282120	  0.189111	  0.191011	  0.337759	
  0.048567	  0.293812	  0.035621	  0.622000	
  0.679396	  0.029114	  0.290384	  0.001107	
  0.556725	  0.084951	  0.138666	  0.219658	
  0.290498	  0.156272	  0.153177	  0.400053	
  0.222887	  0.212017	  0.248804	  0.316292	
  0.284099	  0.198209	  0.340129	  0.177563	
  0.221959	  0.276578	  0.302625	  0.198838	
  0.216114	  0.261336	  0.224934	  0.297617	
  0.239894	  0.252194	  0.214905	  0.293007	

URL http://cisbp.ccbr.utoronto.ca/TFreport.php?searchTF=T093271_1.02

MOTIF M0892_1.02 EMX1

letter-probability matrix: alength= 4 w= 10 nsites= 1 E= 0
  0.278360	  0.307636	  0.270133	  0.143871	
  0.130958	  0.409474	  0.130958	  0.328611	
  0.077310	  0.078087	  0.009280	  0.835324	
  0.925286	  0.017995	  0.039256	  0.017463	
  0.972774	  0.002586	  0.004350	  0.020290	
  0.033715	  0.021284	  0.021714	  0.923288	
  0.073569	  0.045070	  0.298338	  0.583023	
  0.719299	  0.017607	  0.216649	  0.046445	
  0.170597	  0.357560	  0.323534	  0.148310	
  0.162911	  0.348349	  0.209182	  0.279557	

URL http://cisbp.ccbr.utoronto.ca/TFreport.php?searchTF=T093310_1.02

MOTIF M0893_1.02 ZFHX2

letter-probability matrix: alength= 4 w= 10 nsites= 1 E= 0
  0.262560	  0.259184	  0.264823	  0.213433	
  0.182568	  0.295311	  0.189654	  0.332466	
  0.134883	  0.130814	  0.034135	  0.700168	
  0.629656	  0.102034	  0.180585	  0.087724	
  0.926510	  0.022488	  0.031463	  0.019539	
  0.019539	  0.031463	  0.022488	  0.926510	
  0.087724	  0.180585	  0.102034	  0.629656	
  0.700168	  0.034135	  0.130814	  0.134883	
  0.332466	  0.189654	  0.295311	  0.182568	
  0.213433	  0.264823	  0.259184	  0.262560	

URL http://cisbp.ccbr.utoronto.ca/TFreport.php?searchTF=T093313_1.02

MOTIF M0894_1.02 LBX1

letter-probability matrix: alength= 4 w= 8 nsites= 1 E= 0
  0.217448	  0.130642	  0.174045	  0.477865	
  0.000244	  0.048977	  0.000244	  0.950536	
  0.999286	  0.000238	  0.000238	  0.000238	
  0.999286	  0.000238	  0.000238	  0.000238	
  0.000238	  0.261893	  0.000238	  0.737631	
  0.142959	  0.000238	  0.119172	  0.737631	
  0.731238	  0.000244	  0.268275	  0.000244	
  0.028824	  0.114441	  0.799372	  0.057363	

URL http://cisbp.ccbr.utoronto.ca/TFreport.php?searchTF=T093317_1.02

MOTIF M0896_1.02 VENTX

letter-probability matrix: alength= 4 w= 8 nsites= 1 E= 0
  0.055771	  0.028024	  0.139012	  0.777192	
  0.000200	  0.060152	  0.000200	  0.939448	
  0.999445	  0.000185	  0.000185	  0.000185	
  0.999445	  0.000185	  0.000185	  0.000185	
  0.000185	  0.000185	  0.000185	  0.999445	
  0.000192	  0.038624	  0.134704	  0.826480	
  0.755107	  0.000222	  0.244449	  0.000222	
  0.057363	  0.200057	  0.542523	  0.200057	

URL http://cisbp.ccbr.utoronto.ca/TFreport.php?searchTF=T093330_1.02

MOTIF M0897_1.02 HOXB13

letter-probability matrix: alength= 4 w= 10 nsites= 1 E= 0
  0.244335	  0.167091	  0.216706	  0.371868	
  0.119073	  0.076687	  0.112138	  0.692102	
  0.126395	  0.084725	  0.061523	  0.727356	
  0.288240	  0.085097	  0.068978	  0.557684	
  0.841220	  0.000409	  0.107217	  0.051155	
  0.061093	  0.341176	  0.023865	  0.573867	
  0.273557	  0.064813	  0.334123	  0.327507	
  0.376565	  0.079925	  0.391933	  0.151577	
  0.146350	  0.246164	  0.409935	  0.197551	
  0.219274	  0.273233	  0.265157	  0.242336	

URL http://cisbp.ccbr.utoronto.ca/TFreport.php?searchTF=T093335_1.02

MOTIF M0898_1.02 ZHX1

letter-probability matrix: alength= 4 w= 8 nsites= 1 E= 0
  0.207221	  0.274180	  0.163006	  0.355593	
  0.212011	  0.246322	  0.166774	  0.374893	
  0.519349	  0.026912	  0.240465	  0.213274	
  0.116550	  0.577278	  0.013713	  0.292459	
  0.113498	  0.240275	  0.396146	  0.250081	
  0.178152	  0.224222	  0.263127	  0.334500	
  0.296550	  0.196805	  0.271026	  0.235619	
  0.293103	  0.230563	  0.254812	  0.221522	

URL http://cisbp.ccbr.utoronto.ca/TFreport.php?searchTF=T093351_1.02

MOTIF M0900_1.02 SHOX

letter-probability matrix: alength= 4 w= 8 nsites= 1 E= 0
  0.179193	  0.301407	  0.162140	  0.357260	
  0.074235	  0.030485	  0.008822	  0.886458	
  0.851715	  0.047811	  0.054996	  0.045479	
  0.990749	  0.001748	  0.005096	  0.002407	
  0.014720	  0.015321	  0.026822	  0.943137	
  0.097912	  0.049604	  0.084273	  0.768211	
  0.416004	  0.048458	  0.424408	  0.111129	
  0.301403	  0.186503	  0.379346	  0.132748	

URL http://cisbp.ccbr.utoronto.ca/TFreport.php?searchTF=T093403_1.02

